# temperatuur abs_magnitude klasse afstand
2405.0 10.75 V 707.3
2487.0 -1.23 III 1713.9
2506.0 -0.82 III 1143.7
2589.0 9.27 V 174.2
2673.0 8.88 V 458.0
2850.0 7.02 V 1866.0
2867.0 -0.9 III 147.1
2882.0 8.6 V 510.8
2896.0 7.51 V 1959.5
2923.0 8.89 V 1505.6
2951.0 -5.09 I 240.3
2955.0 8.03 V 1318.0
2996.0 10.91 V 1835.9
3005.0 -0.72 III 1601.7
3044.0 8.14 V 918.1
3051.0 -0.16 III 1461.2
3065.0 8.53 V 443.6
3111.0 8.09 V 1326.7
3183.0 0.23 III 679.3
3218.0 -4.86 I 1989.3
3218.0 -4.95 I 879.6
3241.0 -0.02 III 434.1
3284.0 -0.21 III 262.3
3296.0 -0.3 III 1579.3
3304.0 6.49 V 460.7
3318.0 9.11 V 498.4
3320.0 -5.08 I 1172.2
3332.0 -1.39 III 1366.8
3359.0 7.11 V 1142.5
3365.0 -4.8 I 997.2
3409.0 -0.57 III 1335.4
3424.0 -1.24 III 1993.0
3442.0 -5.4 I 1249.0
3461.0 5.64 V 1154.6
3543.0 -6.32 I 1218.4
3576.0 8.07 V 1154.3
3586.0 8.45 V 123.1
3591.0 7.11 V 977.3
3634.0 0.57 III 362.1
3651.0 -6.41 I 449.0
3670.0 8.95 V 846.5
3714.0 7.59 V 1657.3
3789.0 -5.21 I 254.0
3800.0 8.94 V 527.2
3838.0 -5.87 I 1832.7
3864.0 -0.41 III 125.7
3883.0 6.2 V 1691.0
3887.0 -1.14 III 1354.7
3894.0 -0.14 III 1215.6
3932.0 -5.79 I 1929.8
3952.0 5.86 V 201.2
3959.0 -4.87 I 1133.0
3960.0 7.67 V 235.5
3989.0 0.86 III 1052.0
4027.0 5.98 V 1226.4
4054.0 -5.72 I 450.2
4054.0 6.05 V 1483.3
4061.0 1.14 III 1774.8
4072.0 0.81 III 869.4
4094.0 6.8 V 61.6
4141.0 -5.29 I 1066.5
4146.0 -6.24 I 1942.6
4150.0 1.42 III 1085.5
4162.0 -5.47 I 1628.0
4172.0 -6.1 I 1386.4
4303.0 -5.44 I 1208.6
4311.0 0.42 III 216.9
4314.0 0.09 III 480.2
4324.0 -5.49 I 1200.3
4462.0 0.76 III 1527.4
4524.0 6.37 V 475.9
4539.0 -6.4 I 1075.8
4550.0 5.79 V 1864.4
4564.0 -5.79 I 1835.6
4637.0 -4.91 I 328.5
4713.0 0.26 III 1420.1
4720.0 -5.41 I 535.7
4765.0 -5.86 I 1652.8
4770.0 0.76 III 734.1
4862.0 0.11 III 1768.8
4870.0 1.33 III 1151.3
4890.0 4.79 V 1741.8
4890.0 6.71 V 1478.7
5022.0 3.48 V 1610.8
5033.0 -6.23 I 852.9
5074.0 -0.92 III 1069.1
5107.0 1.43 III 307.7
5150.0 5.58 V 1919.8
5167.0 -5.88 I 377.1
5215.0 -0.54 III 145.3
5246.0 -6.19 I 1539.6
5276.0 6.55 V 1199.0
5315.0 -5.53 I 543.8
5368.0 6.21 V 1851.8
5413.0 4.07 V 1270.1
5448.0 1.13 III 1602.6
5465.0 3.99 V 825.9
5480.0 5.62 V 345.8
5521.0 4.37 V 923.0
5551.0 -0.16 III 805.7
5560.0 -5.61 I 1537.6
5582.0 -5.95 I 382.5
5770.0 4.09 V 823.5
5878.0 5.97 V 40.9
5918.0 -6.41 I 1717.6
5948.0 5.71 V 210.3
5985.0 3.94 V 440.9
6065.0 5.87 V 1101.7
6111.0 5.06 V 880.7
6122.0 -5.36 I 287.0
6153.0 -6.28 I 1164.4
6204.0 -5.56 I 504.2
6373.0 4.14 V 885.4
6396.0 -6.27 I 1903.3
6423.0 -6.04 I 756.4
6565.0 3.64 V 414.4
6565.0 -5.94 I 436.1
6604.0 3.99 V 1509.2
6637.0 -4.76 I 681.2
6684.0 -5.65 I 877.6
6884.0 4.36 V 436.5
7061.0 -5.67 I 1455.4
7066.0 4.23 V 1975.4
7217.0 -5.6 I 1512.0
7363.0 3.93 V 693.9
7378.0 3.47 V 930.5
7393.0 2.68 V 47.3
7546.0 2.89 V 1268.9
7795.0 1.45 V 498.5
7915.0 3.07 V 1258.2
7917.0 2.67 V 424.1
7995.0 -5.74 I 1307.6
8024.0 2.45 V 504.1
8270.0 -6.23 I 1162.5
8296.0 1.82 V 105.1
8421.0 -5.56 I 957.2
8570.0 -5.1 I 851.7
8572.0 -6.47 I 1036.7
8625.0 1.39 V 843.4
8730.0 1.24 V 463.4
8810.0 -6.11 I 1177.7
8810.0 -5.72 I 1004.8
8827.0 1.71 V 618.8
8831.0 2.29 V 51.2
8915.0 2.24 V 1791.9
9021.0 0.27 V 1869.9
9156.0 -7.07 I 1160.6
9273.0 -6.79 I 1904.9
9362.0 -5.52 I 1628.2
9492.0 2.03 V 896.6
9754.0 2.63 V 1429.9
9776.0 -7.18 I 644.4
10024.0 -5.63 I 1753.2
10263.0 -5.1 I 1682.9
10306.0 -6.25 I 427.0
10648.0 -6.2 I 1039.3
10729.0 -6.6 I 1910.6
10802.0 -7.45 I 1661.9
10839.0 1.39 V 855.9
10877.0 -0.23 V 1861.6
11241.0 1.3 V 1916.2
11439.0 -0.21 V 361.5
11583.0 -6.66 I 1230.2
11858.0 -6.81 I 845.2
11872.0 0.27 V 1386.9
12444.0 -0.2 V 1539.2
12583.0 -6.85 I 554.8
14054.0 -6.55 I 902.2
14614.0 -0.86 V 1996.6
14696.0 -0.8 V 448.7
14928.0 -1.14 V 918.8
15294.0 -2.5 V 502.4
16804.0 -1.63 V 1487.1
17578.0 -1.75 V 65.2
18741.0 -2.8 V 828.0
19830.0 -6.67 I 1675.6
21858.0 -6.31 I 1383.1
22666.0 -4.06 V 299.2
23396.0 -4.85 V 1631.5
25458.0 -5.82 V 837.1
32654.0 -8.64 V 1220.6
